%YAML:1.0
---
mat: !!opencv-matrix
   rows: 3
   cols: 3
   dt: d
   data: [ -1.1641250000000134e+02, -1.8600000000000213e+02,
       3.7572000000000429e+04, -2.2737367544323207e-14,
       -4.8000000000000546e+02, 9.6960000000001120e+04, 0.,
       -5.8125000000000659e-01, 1. ]
