%YAML:1.0
---
mat: !!opencv-matrix
   rows: 3
   cols: 3
   dt: d
   data: [ 1.0192934782608715e+01, 1.7304347826086989e+01,
       -2.9417391304347884e+03, 1.4210854715202005e-15,
       4.1739130434782687e+01, -7.0956521739130576e+03,
       2.6540766364046365e-18, 5.4076086956521836e-02, 1. ]
