%YAML:1.0
---
mat: !!opencv-matrix
   rows: 3
   cols: 3
   dt: d
   data: [ -3.0644589552238846e+00, -5.5820895522388145e+00,
       1.3006268656716436e+03, 0., -1.4328358208955244e+01,
       3.3385074626865717e+03, 2.2013899824097353e-18,
       -1.7444029850746293e-02, 1. ]
